[dp.jpg]
filters=enhance=1;autolight=1;autocolor=1;finetune2=1,0.000000,0.000000,0.000000,00000000,-0.040936;unsharp2=1,3.000000;
moddate=57f225901232db01
width=3456
height=4608
textactive=0
